,L_Mesial,L_Lateral,R_Mesial,R_Lateral,L_OtherCortex,R_OtherCortex,region,lateralization
0,25.249169435215947,30.23255813953488,17.275747508305646,1.3289036544850499,25.083056478405314,0.8305647840531563,diffuse,left
1,28.55093256814921,8.751793400286944,52.51076040172167,8.895265423242469,1.0043041606886656,0.2869440459110474,temporal neocortical,right
2,41.265060240963855,15.963855421686745,9.63855421686747,28.76506024096386,1.2048192771084338,3.1626506024096384,multifocal,bilateral
3,93.97874852420307,4.6044864226682405,0.0,0.0,1.4167650531286895,0.0,temporal,left
4,4.040404040404041,89.56228956228956,0.0,0.0,6.397306397306397,0.0,temporal neocortical,left
5,34.92957746478873,34.50704225352113,17.464788732394364,10.0,3.0985915492957745,0.0,mesial temporal,left
6,5.065123010130246,0.1447178002894356,48.7698986975398,41.67872648335745,0.0,4.341534008683068,temporal neocortical,right
7,0.0,0.0,0.33670033670033667,0.0,0.0,99.66329966329967,other cortex,right
8,66.66666666666666,30.511463844797177,0.0,1.763668430335097,1.0582010582010581,0.0,temporal,left
9,61.85430463576159,1.7218543046357615,32.847682119205295,2.781456953642384,0.6622516556291391,0.13245033112582782,mesial temporal,bilateral
10,0.0,0.0,37.74703557312253,48.418972332015805,0.9881422924901186,12.845849802371543,other cortex,right
11,0.0,0.0,73.62204724409449,25.32808398950131,0.0,1.0498687664041995,mesial temporal,right
12,0.0,68.31683168316832,0.0,0.0,31.683168316831683,0.0,diffuse,left
13,0.31545741324921134,16.08832807570978,0.0,0.0,83.59621451104101,0.0,other cortex,left
14,35.9724612736661,17.21170395869191,0.0,45.955249569707405,0.0,0.8605851979345954,other cortex,right
15,76.39123102866779,8.263069139966273,10.286677908937605,4.8903878583473865,0.16863406408094433,0.0,temporal multifocal,bilateral
16,0.0,82.51295336787565,0.0,0.0,17.487046632124354,0.0,temporal neocortical,left
17,84.53105968331303,8.891595615103533,2.92326431181486,0.12180267965895249,3.1668696711327646,0.3654080389768575,mesial temporal,left
18,26.395348837209305,62.7906976744186,0.0,0.0,10.813953488372093,0.0,mesial temporal,left
19,0.0,0.0,0.0,0.0,0.0,100.0,other cortex,right
20,24.07809110629067,12.58134490238612,16.702819956616054,2.386117136659436,22.99349240780911,21.25813449023861,frontal,right
21,26.060606060606062,6.515151515151516,34.39393939393939,33.03030303030303,0.0,0.0,mesial temporal,bilateral
22,0.0,0.0,98.74651810584957,0.0,0.0,1.2534818941504178,mesial temporal,right
23,32.83082077051927,4.857621440536013,50.753768844221106,7.537688442211055,0.8375209380234505,3.1825795644891124,temporal,bilateral
24,0.0,11.437908496732026,0.0,0.0,88.56209150326796,0.0,diffuse,bilateral
25,0.0,0.0,0.0,0.0,0.0,100.0,other cortex,right
26,11.0,18.0,0.0,55.00000000000001,9.0,7.000000000000001,temporal,bilateral
27,88.15331010452961,10.104529616724738,0.0,0.0,1.7421602787456445,0.0,temporal,left
28,14.559386973180077,37.73946360153257,19.923371647509576,15.134099616858238,10.344827586206897,2.2988505747126435,temporal,left
29,13.853503184713375,58.75796178343949,25.955414012738853,0.15923566878980894,1.2738853503184715,0.0,mesial temporal,bilateral
30,3.314917127071823,0.0,4.972375690607735,0.0,28.7292817679558,62.98342541436463,other cortex,right
31,0.0,2.3228803716608595,0.0,0.0,97.67711962833914,0.0,other cortex,left
32,0.6263048016701461,87.68267223382045,0.20876826722338201,0.0,11.482254697286013,0.0,temporal neocortical,left
33,0.0,0.22371364653243847,68.45637583892618,7.606263982102908,0.0,23.713646532438478,multifocal,right
34,82.23140495867769,7.43801652892562,0.0,3.71900826446281,6.6115702479338845,0.0,mesial temporal,left
35,0.0,0.0,51.162790697674424,48.837209302325576,0.0,0.0,mesial temporal,right
36,0.0,5.9171597633136095,47.337278106508876,1.183431952662722,20.118343195266274,25.443786982248522,other cortex,right
37,91.41347424042272,6.737120211360634,0.0,0.0,1.8494055482166447,0.0,mesial temporal,left
38,56.26598465473146,40.53708439897698,0.3836317135549872,0.1278772378516624,2.6854219948849107,0.0,mesial temporal,left
39,21.89239332096475,15.955473098330241,20.222634508348794,15.213358070500927,15.769944341372913,10.946196660482375,mesial temporal,bilateral
40,48.60813704496788,9.635974304068522,36.188436830835116,5.139186295503212,0.4282655246252677,0.0,mesial temporal,bilateral
41,22.899505766062603,9.060955518945635,31.630971993410213,31.466227347611202,3.459637561779242,1.4827018121911038,temporal neocortical,left
42,20.18348623853211,10.894495412844037,26.376146788990823,41.74311926605505,0.573394495412844,0.22935779816513763,mesial temporal,bilateral
43,46.41255605381166,48.4304932735426,0.0,0.0,5.15695067264574,0.0,temporal neocortical,left
44,0.5181347150259068,96.89119170984456,1.0362694300518136,0.0,1.5544041450777202,0.0,other cortex,left
45,44.827586206896555,1.5086206896551724,39.439655172413794,14.00862068965517,0.0,0.21551724137931033,other cortex,left
46,0.0,0.49261083743842365,1.477832512315271,3.4482758620689653,29.064039408866993,65.51724137931035,diffuse,bilateral
47,0.1564945226917058,64.16275430359939,0.0,0.0,35.68075117370892,0.0,temporal neocortical,left
48,16.08187134502924,57.89473684210527,0.0,0.0,26.023391812865498,0.0,diffuse,left
49,0.0,0.0,77.18360071301248,18.71657754010695,0.0,4.09982174688057,mesial temporal,right
50,52.208201892744476,4.889589905362776,31.38801261829653,10.410094637223976,1.1041009463722398,0.0,temporal,bilateral
51,22.796934865900383,0.9578544061302682,20.49808429118774,0.7662835249042145,13.793103448275861,41.18773946360153,other cortex,right
52,0.0,0.0,2.634467618002195,56.2019758507135,0.0,41.1635565312843,temporal,right
53,6.138613861386139,5.9405940594059405,0.594059405940594,6.534653465346535,0.0,80.79207920792079,other cortex,right
54,3.7091988130563793,57.86350148367953,15.578635014836795,8.011869436201781,12.166172106824925,2.6706231454005933,other cortex,left
55,69.24686192468619,27.405857740585777,0.0,0.0,3.3472803347280333,0.0,multifocal,left
56,0.0,3.2388663967611335,0.0,79.25101214574899,0.4048582995951417,17.105263157894736,temporal,right
57,0.0,0.0,92.08494208494209,2.7027027027027026,0.0,5.212355212355212,mesial temporal,right
58,14.010989010989011,1.6483516483516485,12.637362637362637,4.670329670329671,67.03296703296702,0.0,other cortex,left
59,0.0,25.157232704402517,0.0,0.0,74.84276729559748,0.0,other cortex,left
60,30.923694779116467,52.40963855421686,7.429718875502007,7.630522088353414,1.6064257028112447,0.0,multifocal,left
61,26.129666011787815,73.87033398821218,0.0,0.0,0.0,0.0,temporal neocortical,left
62,2.249134948096886,67.99307958477509,1.5570934256055362,0.17301038062283738,28.027681660899656,0.0,temporal,left
63,71.65467625899281,6.043165467625899,16.258992805755394,4.60431654676259,0.0,1.4388489208633095,mesial temporal,left
64,0.0,0.0,0.0,0.0,65.63573883161511,34.36426116838488,diffuse,diffuse
65,0.0,4.2283298097251585,0.0,0.0,95.13742071881607,0.6342494714587738,other cortex,left
66,0.0,0.0,35.23809523809524,60.0,0.0,4.761904761904762,other cortex,right
67,16.412661195779602,81.00820633059789,0.0,0.0,2.5791324736225087,0.0,temporal,left
68,67.12707182320442,22.375690607734807,1.3812154696132597,3.0386740331491713,6.077348066298343,0.0,mesial temporal,left
69,36.70411985018727,11.235955056179774,5.805243445692884,38.57677902621723,4.307116104868914,3.3707865168539324,temporal,right
70,84.22222222222221,12.666666666666668,0.0,0.0,3.111111111111111,0.0,temporal,left
71,10.685483870967742,4.032258064516129,52.82258064516129,22.379032258064516,1.6129032258064515,8.46774193548387,mesial temporal,right
72,39.62732919254658,9.06832298136646,35.900621118012424,15.403726708074533,0.0,0.0,temporal,right
73,0.0,73.75,0.0,0.0,26.25,0.0,temporal,left
74,86.993006993007,8.67132867132867,0.0,0.0,4.335664335664335,0.0,mesial temporal,left
75,3.7735849056603774,3.2590051457975986,1.7152658662092626,0.8576329331046313,89.36535162950257,1.0291595197255576,other cortex,left
